11,3363
11,3362
11,3361
11,3360
11,3359
11,3358
11,3357
11,3356
11,3355
11,3354
11,3353
11,3352
11,3351
11,3350
57,8
57,18
11,3349
11,3348
11,3347
11,3346
11,3345
11,3344
11,3343
11,3342
11,3341
11,3340
11,3339
11,3338
11,3337
11,3336
11,3335
11,3334
11,3333
13,99
57,17
4294967278,363
4294967279,423
4294967279,422
12,116
4294967278,342
4294967279,406
4294967279,404
4294967279,392
4294967279,384
4294967278,328
4294967278,321
4294967279,313
4294967279,311
4294967278,314
4294967278,312
4294967278,300
4294967278,298
4294967278,296
11,3332
11,3331
11,3330
11,3329
4294967278,294
11,3392
11,3328
95,4
95,3
95,2
95,1
95,0
4294967278,292
94,5
94,4
94,3
94,2
94,1
94,0
4294967294,1110
4294967294,1099
11,3263
11,3262
4294967279,299
4294967279,296
4294967279,293
4294967279,292
4294967278,282
11,3264
4294967278,281
4294967278,279
4294967279,287
4294967279,285
4294967279,282
11,12
4294967278,445
4294967278,441
4294967279,137
4294967279,381
4294967279,379
11,3261
11,3260
11,3259
11,3258
11,3257
11,3256
11,3255
11,3254
11,3253
11,3252
4294967279,376
4294967279,369
4294967279,367
4294967279,357
11,3251
11,3250
11,3249
11,3248
11,3247
11,3246
11,3245
11,3244
11,3243
4294967278,412
4294967279,353
4294967278,411
11,3242
4294967278,408
4294967279,349
4294967278,406
4294967278,404
4294967278,403
4294967278,401
4294967278,400
4294967279,345
4294967278,399
4294967278,398
4294967278,397
4294967278,396
4294967279,342
4294967278,389
4294967278,386
4294967279,337
4294967278,153
4294967278,137
4294967278,254
4294967279,328
11,20
4294967279,327
11,3241
11,3240
11,3239
11,3238
11,3237
11,3236
11,3235
11,3234
11,3233
11,3232
11,3231
11,3230
11,3229
11,3228
11,3227
11,3226
11,3225
11,3224
11,3223
11,3222
11,3221
4294967279,325
3,8
4294967279,242
4294967279,241
4294967279,239
11,3220
11,3219
11,3218
11,3217
11,3216
11,3215
11,3214
11,3213
11,3212
4294967278,248
4294967279,237
11,3211
11,3210
11,3209
11,3208
11,3207
4294967279,234
11,3206
4294967279,232
11,3205
11,3204
11,3203
11,3202
11,3201
11,3200
11,2713
11,1424
11,3010
11,2818
4294967278,242
4294967279,339
4294967278,275
4294967279,228
4294967293,131
4294967293,130
4294967293,129
4294967293,128
4294967293,127
4294967293,126
4294967293,125
4294967293,124
4294967293,123
4294967293,122
4294967293,121
4294967293,120
4294967293,119
4294967293,118
4294967293,117
4294967293,116
4294967293,115
4294967293,114
4294967293,113
4294967293,112
4294967293,111
4294967293,110
4294967293,109
4294967293,108
4294967293,107
4294967293,106
4294967293,105
4294967293,104
4294967293,103
4294967293,102
4294967293,101
4294967293,100
4294967293,99
4294967293,98
4294967293,97
4294967293,96
4294967293,95
4294967293,94
4294967293,93
4294967293,92
4294967293,91
4294967293,90
4294967293,89
4294967293,88
4294967293,87
4294967293,86
4294967293,85
4294967293,84
4294967293,83
4294967293,82
4294967293,81
4294967293,80
4294967293,79
4294967293,78
4294967293,77
4294967293,76
4294967293,75
4294967293,74
4294967293,73
4294967293,72
4294967293,71
4294967293,70
4294967293,69
4294967293,68
4294967293,67
4294967293,66
4294967293,65
4294967293,64
4294967293,63
4294967293,62
4294967293,61
4294967293,60
4294967293,59
4294967293,58
4294967293,57
4294967293,56
4294967293,55
4294967293,54
4294967293,53
4294967293,52
4294967293,51
4294967293,50
4294967293,49
4294967293,48
4294967293,47
4294967293,46
4294967293,45
4294967293,44
4294967293,43
4294967293,42
4294967293,41
4294967293,40
4294967293,39
4294967293,38
4294967293,37
4294967293,36
4294967293,35
4294967293,34
4294967293,33
4294967293,32
4294967293,31
4294967293,30
4294967293,29
4294967293,28
4294967293,27
4294967293,26
4294967293,25
4294967293,24
4294967293,23
4294967293,22
4294967293,21
4294967293,20
4294967293,19
4294967293,18
4294967293,17
4294967293,16
4294967293,15
4294967293,14
4294967293,13
4294967293,12
4294967293,11
4294967293,10
4294967293,9
4294967293,8
4294967293,7
4294967293,6
4294967293,5
4294967293,4
4294967293,3
4294967293,2
4294501266,0
4294501265,0
4294501264,0
4294501263,0
4294501262,0
4294501261,0
4294501260,0
4294501259,0
4294501258,0
4294501257,0
4294967293,0
4294967278,49
4294967278,402
4294967278,161
4294967278,48
4294967278,160
4294967278,47
4294967278,433
4294967278,159
4294967278,46
4294967278,382
4294967278,158
4294967278,45
4294967278,215
4294967278,157
4294967278,44
4294967278,326
4294967278,156
4294967278,43
4294967278,236
4294967278,155
4294967278,42
4294967278,154
4294967278,337
4294967278,41
4294967278,313
4294967278,152
4294967278,40
4294967278,367
4294967278,151
4294967278,39
4294967278,331
4294967278,150
4294967278,38
4294967278,381
4294967278,149
4294967278,37
4294967278,444
4294967278,148
4294967278,36
4294967278,430
4294967278,147
4294967278,35
4294967278,369
4294967278,146
4294967278,34
4294967278,322
4294967278,145
4294967278,33
4294967278,274
4294967278,144
4294967278,32
4294967278,233
4294967278,143
4294967278,31
4294967278,142
4294967278,30
4294967278,380
4294967278,141
4294967278,29
4294967278,353
4294967278,140
4294967278,28
4294967278,343
4294967278,139
4294967278,27
4294967278,299
4294967278,138
4294967278,26
4294967278,272
4294967278,336
4294967278,25
4294967278,213
4294967278,136
4294967278,24
4294967278,297
4294967278,135
4294967278,23
4294967278,428
4294967278,134
4294967278,22
4294967278,133
4294967278,21
4294967278,379
4294967278,271
4294967278,20
4294967278,256
4294967278,270
4294967278,19
4294967278,269
4294967278,18
4294967278,308
4294967278,268
4294967278,17
4294967278,231
4294967278,267
4294967278,16
4294967278,427
4294967278,266
4294967278,15
4294967278,335
4294967278,265
4294967278,14
4294967278,227
4294967278,264
4294967278,13
4294967278,440
4294967278,263
4294967278,12
4294967278,387
4294967278,262
4294967278,11
4294967278,351
4294967278,261
4294967278,10
4294967278,334
4294967278,259
4294967278,9
4294967278,376
4294967278,258
4294967278,8
4294967278,257
4294967278,225
4294967278,7
4294967278,255
4294967278,350
4294967278,6
4294967278,276
4294967278,293
4294967278,5
4294967278,221
4294967278,273
4294967278,4
4294967278,3
4294967279,432
4294967279,253
4294967279,132
4294967279,222
4294967279,252
4294967279,131
4294967279,324
4294967279,210
4294967279,130
4294967279,370
4294967279,250
